import numpy as np

Cnm = np.array([
	[0.0, 0.0, 0.0, 0.0, 0.0, 0.0, 0.0, 0.0, 0.0, 0.0, 0.0, 0.0, 0.0, 0.0, 0.0, 0.0, 0.0, 0.0, 0.0, 0.0, 0.0],
	[0.0, 0.0, 0.0, 0.0, 0.0, 0.0, 0.0, 0.0, 0.0, 0.0, 0.0, 0.0, 0.0, 0.0, 0.0, 0.0, 0.0, 0.0, 0.0, 0.0, 0.0],
	[-0.000484165371736, -1.86987635955e-10, 2.43914352398e-06, 0.0, 0.0, 0.0, 0.0, 0.0, 0.0, 0.0, 0.0, 0.0, 0.0, 0.0, 0.0, 0.0, 0.0, 0.0, 0.0, 0.0, 0.0],
	[9.57254173792e-07, 2.02998882184e-06, 9.04627768605e-07, 7.21072657057e-07, 0.0, 0.0, 0.0, 0.0, 0.0, 0.0, 0.0, 0.0, 0.0, 0.0, 0.0, 0.0, 0.0, 0.0, 0.0, 0.0, 0.0],
	[5.39873863789e-07, -5.36321616971e-07, 3.50694105785e-07, 9.90771803829e-07, -1.88560802735e-07, 0.0, 0.0, 0.0, 0.0, 0.0, 0.0, 0.0, 0.0, 0.0, 0.0, 0.0, 0.0, 0.0, 0.0, 0.0, 0.0],
	[6.8532347563e-08, -6.21012128528e-08, 6.52438297612e-07, -4.51955406071e-07, -2.95301647654e-07, 1.74971983203e-07, 0.0, 0.0, 0.0, 0.0, 0.0, 0.0, 0.0, 0.0, 0.0, 0.0, 0.0, 0.0, 0.0, 0.0, 0.0],
	[-1.49957994714e-07, -7.60879384947e-08, 4.81732442832e-08, 5.71730990516e-08, -8.62142660109e-08, -2.6713332549e-07, 9.67616121092e-09, 0.0, 0.0, 0.0, 0.0, 0.0, 0.0, 0.0, 0.0, 0.0, 0.0, 0.0, 0.0, 0.0, 0.0],
	[9.0978937145e-08, 2.79872910488e-07, 3.29743816488e-07, 2.50398657706e-07, -2.75114355257e-07, 1.93765507243e-09, -3.58856860645e-07, 1.09185148045e-09, 0.0, 0.0, 0.0, 0.0, 0.0, 0.0, 0.0, 0.0, 0.0, 0.0, 0.0, 0.0, 0.0],
	[4.96711667324e-08, 2.33422047893e-08, 8.02978722615e-08, -1.91877757009e-08, -2.44600105471e-07, -2.55352403037e-08, -6.57361610961e-08, 6.72811580072e-08, -1.24092493016e-07, 0.0, 0.0, 0.0, 0.0, 0.0, 0.0, 0.0, 0.0, 0.0, 0.0, 0.0, 0.0],
	[2.76714300853e-08, 1.43387502749e-07, 2.22288318564e-08, -1.60811502143e-07, -9.00179225336e-09, -1.66165092924e-08, 6.26941938248e-08, -1.18366323475e-07, 1.88436022794e-07, -4.77475386132e-08, 0.0, 0.0, 0.0, 0.0, 0.0, 0.0, 0.0, 0.0, 0.0, 0.0, 0.0],
	[5.26222488569e-08, 8.35115775652e-08, -9.42413882081e-08, -6.89895048176e-09, -8.40764549716e-08, -4.93395938185e-08, -3.75885236598e-08, 8.11460540925e-09, 4.04927981694e-08, 1.25491334939e-07, 1.00538634409e-07, 0.0, 0.0, 0.0, 0.0, 0.0, 0.0, 0.0, 0.0, 0.0, 0.0],
	[-5.09613707522e-08, 1.51687209933e-08, 1.86309749878e-08, -3.09871239854e-08, -3.89580205051e-08, 3.77848029452e-08, -1.18676592395e-09, 4.11565188074e-09, -5.984108413e-09, -3.14231072723e-08, -5.21882681927e-08, 4.60344448746e-08, 0.0, 0.0, 0.0, 0.0, 0.0, 0.0, 0.0, 0.0, 0.0],
	[3.77252636558e-08, -5.40654977836e-08, 1.42979642253e-08, 3.93995876403e-08, -6.86908127934e-08, 3.0941112873e-08, 3.41523275208e-09, -1.86909958587e-08, -2.53769398865e-08, 4.22880630662e-08, -6.17619654902e-09, 1.12502994122e-08, -2.4953260739e-09, 0.0, 0.0, 0.0, 0.0, 0.0, 0.0, 0.0, 0.0],
	[4.22982206413e-08, -5.13569699124e-08, 5.59217667099e-08, -2.19360927945e-08, -3.13762599666e-09, 5.90049394905e-08, -3.59038073075e-08, 2.53002147087e-09, -9.83150822695e-09, 2.47325771791e-08, 4.1032465393e-08, -4.43869677399e-08, -3.12622200222e-08, -6.12759553199e-08, 0.0, 0.0, 0.0, 0.0, 0.0, 0.0, 0.0],
	[-2.42786502921e-08, -1.86968616381e-08, -3.67789379502e-08, 3.58875097333e-08, 1.83865617792e-09, 2.87344273542e-08, -1.94810485574e-08, 3.75003839415e-08, -3.50946485865e-08, 3.20284939341e-08, 3.90329180008e-08, 1.53970516502e-08, 8.40829163869e-09, 3.22147043964e-08, -5.18980794309e-08, 0.0, 0.0, 0.0, 0.0, 0.0, 0.0],
	[1.47910068708e-09, 1.00817268177e-08, -2.13942673775e-08, 5.21392929041e-08, -4.08150084078e-08, 1.24935723108e-08, 3.31211643896e-08, 5.96210699259e-08, -3.22428691498e-08, 1.28788268085e-08, 1.04688722521e-08, -1.11675061934e-09, -3.23962134415e-08, -2.83933019117e-08, 5.1916885933e-09, -1.90930538322e-08, 0.0, 0.0, 0.0, 0.0, 0.0],
	[-3.15322986722e-09, 2.58360856231e-08, -2.33671404512e-08, -3.36019429391e-08, 4.02316284314e-08, -1.29501939245e-08, 1.40239252323e-08, -7.08412635136e-09, -2.09018868094e-08, -2.18588720643e-08, -1.17529900814e-08, 1.87574042592e-08, 1.95400194038e-08, 1.38196369576e-08, -1.93182168856e-08, -1.45149060142e-08, -3.79671710746e-08, 0.0, 0.0, 0.0, 0.0],
	[1.97605066395e-08, -2.54177575118e-08, -1.95988656721e-08, 5.64123066224e-09, 7.07457075637e-09, -1.54987006052e-08, -1.18194012847e-08, 2.42149702381e-08, 3.88442097559e-08, 3.81356493231e-09, -3.88216085542e-09, -1.57356600363e-08, 2.88013010655e-08, 1.65503425731e-08, -1.41983872649e-08, 5.42100361657e-09, -3.01992205043e-08, -3.43086856041e-08, 0.0, 0.0, 0.0],
	[5.08691038332e-09, 7.21098449649e-09, 1.40631771205e-08, -5.07232520873e-09, 5.48759308217e-08, 5.48710485555e-09, 1.46570755271e-08, 6.75812328417e-09, 3.07619845144e-08, -1.8847060188e-08, 5.27535358934e-09, -7.2962851896e-09, -2.97449412422e-08, -6.27919717152e-09, -8.1560533641e-09, -4.05003412879e-08, 1.04141042028e-08, 3.58771586841e-09, 3.12351953717e-09, 0.0, 0.0],
	[-3.25780965394e-09, -7.59903885319e-09, 3.53541528655e-08, -9.74103607309e-09, 1.57039009057e-08, 1.09629213379e-08, -4.08745178658e-09, 4.78275337044e-09, 2.9490836428e-08, 3.07961427159e-09, -3.38415069043e-08, 1.60443652916e-08, -2.47106581581e-09, -7.4471737998e-09, -4.70502589215e-09, -1.76580549771e-08, -2.16950096188e-08, 2.90444936079e-08, 3.48382199593e-08, -2.5734934943e-09, 0.0],
	[2.22384610651e-08, 5.16303125218e-09, 1.98831128238e-08, -3.62601436785e-09, 2.42238118652e-09, -1.07042562564e-08, 1.1047483757e-08, -2.10090282728e-08, 4.42419185637e-09, 1.78846216942e-08, -3.25394919988e-08, 1.38992707697e-08, -6.3575060075e-09, 2.75222725997e-08, 1.15841169405e-08, -2.60130744291e-08, -1.24137147118e-08, 4.3690966796e-09, 1.51842883022e-08, -3.14942002852e-09, 4.01448327968e-09],
])

Snm = np.array([
	[0.0, 0.0, 0.0, 0.0, 0.0, 0.0, 0.0, 0.0, 0.0, 0.0, 0.0, 0.0, 0.0, 0.0, 0.0, 0.0, 0.0, 0.0, 0.0, 0.0, 0.0],
	[0.0, 0.0, 0.0, 0.0, 0.0, 0.0, 0.0, 0.0, 0.0, 0.0, 0.0, 0.0, 0.0, 0.0, 0.0, 0.0, 0.0, 0.0, 0.0, 0.0, 0.0],
	[0.0, 1.19528012031e-09, -1.40016683654e-06, 0.0, 0.0, 0.0, 0.0, 0.0, 0.0, 0.0, 0.0, 0.0, 0.0, 0.0, 0.0, 0.0, 0.0, 0.0, 0.0, 0.0, 0.0],
	[0.0, 2.48513158716e-07, -6.19025944205e-07, 1.41435626958e-06, 0.0, 0.0, 0.0, 0.0, 0.0, 0.0, 0.0, 0.0, 0.0, 0.0, 0.0, 0.0, 0.0, 0.0, 0.0, 0.0, 0.0],
	[0.0, -4.73440265853e-07, 6.6267157254e-07, -2.00928369177e-07, 3.08853169333e-07, 0.0, 0.0, 0.0, 0.0, 0.0, 0.0, 0.0, 0.0, 0.0, 0.0, 0.0, 0.0, 0.0, 0.0, 0.0, 0.0],
	[0.0, -9.44226127525e-08, -3.23349612668e-07, -2.14847190624e-07, 4.96658876769e-08, -6.69384278219e-07, 0.0, 0.0, 0.0, 0.0, 0.0, 0.0, 0.0, 0.0, 0.0, 0.0, 0.0, 0.0, 0.0, 0.0, 0.0],
	[0.0, 2.62890545501e-08, -3.73728201347e-07, 9.02694517163e-09, -4.71408154267e-07, -5.36488432483e-07, -2.37192006935e-07, 0.0, 0.0, 0.0, 0.0, 0.0, 0.0, 0.0, 0.0, 0.0, 0.0, 0.0, 0.0, 0.0, 0.0],
	[0.0, 9.54336911867e-08, 9.30667596042e-08, -2.17198608738e-07, -1.23800392323e-07, 1.77377719872e-08, 1.51789817739e-07, 2.44415707993e-08, 0.0, 0.0, 0.0, 0.0, 0.0, 0.0, 0.0, 0.0, 0.0, 0.0, 0.0, 0.0, 0.0],
	[0.0, 5.90060493411e-08, 6.54175425859e-08, -8.63454445021e-08, 7.00233016934e-08, 8.91462164788e-08, 3.09238461807e-07, 7.47440473633e-08, 1.20533165603e-07, 0.0, 0.0, 0.0, 0.0, 0.0, 0.0, 0.0, 0.0, 0.0, 0.0, 0.0, 0.0],
	[0.0, 2.16834947618e-08, -3.22196647116e-08, -7.42287409462e-08, 1.94666779475e-08, -5.41113191483e-08, 2.22903525945e-07, -9.65152667886e-08, -3.08566220421e-09, 9.66412847714e-08, 0.0, 0.0, 0.0, 0.0, 0.0, 0.0, 0.0, 0.0, 0.0, 0.0, 0.0],
	[0.0, -1.31314331796e-07, -5.1579165739e-08, -1.53768828694e-07, -7.92806255331e-08, -5.05370221897e-08, -7.95667053872e-08, -3.36629641314e-09, -9.18705975922e-08, -3.76516222392e-08, -2.4014844952e-08, 0.0, 0.0, 0.0, 0.0, 0.0, 0.0, 0.0, 0.0, 0.0, 0.0],
	[0.0, -2.68604146166e-08, -9.90693862047e-08, -1.4813180426e-07, -6.3666651198e-08, 4.94736238169e-08, 3.44769584593e-08, -8.98252808977e-08, 2.43989612237e-08, 4.17731829829e-08, -1.83364561788e-08, -6.96662308185e-08, 0.0, 0.0, 0.0, 0.0, 0.0, 0.0, 0.0, 0.0, 0.0],
	[0.0, -4.35675748979e-08, 3.20975937619e-08, 2.44264863505e-08, 4.15081109011e-09, 7.82536279033e-09, 3.91765484449e-08, 3.56131849382e-08, 1.69361024629e-08, 2.52692598301e-08, 3.08375794212e-08, -6.37946501558e-09, -1.117806019e-08, 0.0, 0.0, 0.0, 0.0, 0.0, 0.0, 0.0, 0.0],
	[0.0, 3.90510386685e-08, -6.27337565381e-08, 9.74829362237e-08, -1.19627874492e-08, 6.64975958036e-08, -6.57280613686e-09, -6.21470822331e-09, -1.04740222825e-08, 4.52870369936e-08, -3.6812102948e-08, -4.76507804288e-09, 8.78405809267e-08, 6.85261488594e-08, 0.0, 0.0, 0.0, 0.0, 0.0, 0.0, 0.0],
	[0.0, 2.94747542249e-08, -5.16779392055e-09, 2.04618827833e-08, -2.26780613566e-08, -1.63882249728e-08, 2.47831272781e-09, -4.17291319429e-09, -1.53515265203e-08, 2.88804922064e-08, -1.44308452469e-09, -3.90548173245e-08, -3.11327189117e-08, 4.5189722496e-08, -4.81506636748e-09, 0.0, 0.0, 0.0, 0.0, 0.0, 0.0],
	[0.0, 1.09773066324e-08, -3.08914875777e-08, 1.72892926103e-08, 6.50174707794e-09, 8.08375563996e-09, -3.68246004304e-08, 5.31841171879e-09, 2.21523579587e-08, 3.75629820829e-08, 1.47222147015e-08, 1.80996198432e-08, 1.55243104746e-08, -4.22066791103e-09, -2.43752739666e-08, -4.71139421558e-09, 0.0, 0.0, 0.0, 0.0, 0.0],
	[0.0, 3.25447560859e-08, 2.88799363439e-08, -2.2041898801e-08, 4.83837716909e-08, -3.19458578129e-09, -3.50760208303e-08, -8.81581561131e-09, 5.0052739053e-09, -3.95012419994e-08, 1.14211582961e-08, -3.03161919925e-09, 6.66983574071e-09, 1.02778499508e-09, -3.86174893776e-08, -3.27443078739e-08, 3.02155372655e-09, 0.0, 0.0, 0.0, 0.0],
	[0.0, -3.06630529689e-08, 6.4926589341e-09, 6.78327095529e-09, 2.49437600834e-08, 6.60021551851e-09, -2.89770975177e-08, -4.22222973697e-09, 3.58904095943e-09, -2.81466943714e-08, 1.81328176508e-08, 1.06560649404e-08, 2.03450136084e-08, 2.04667531435e-08, 1.14948025244e-08, 5.32610369811e-09, 3.65331918531e-09, -1.98523455381e-08, 0.0, 0.0, 0.0],
	[0.0, -3.88714473013e-08, 1.00093396253e-08, -4.90865931335e-09, -1.3526711772e-09, 2.64338629459e-08, -1.36438019951e-08, 6.88577494235e-09, 4.17827734107e-09, 3.68302736953e-08, -4.66091535881e-09, 1.9521520802e-09, -1.64497878395e-08, -3.48383939938e-08, -1.28636585027e-08, -2.02684998021e-08, 6.61468817624e-09, 4.48065587564e-09, -1.09906032543e-08, 0.0, 0.0],
	[0.0, 1.26835472605e-09, -1.31346303514e-09, 1.50662259043e-09, -7.61677383811e-09, 2.83172176438e-08, 1.86219430719e-08, -7.172834559e-09, -9.93037002883e-09, 6.94110477214e-09, -7.37981767136e-09, 9.96673453483e-09, 9.16852310642e-09, -2.82584466742e-08, -1.29526697983e-08, -1.40350990039e-08, -7.24534721567e-09, -1.5345653107e-08, -9.54146344917e-09, 4.83151822363e-09, 0.0],
	[0.0, 6.69626726966e-09, 1.75183843257e-08, 3.79590724141e-08, -2.11057611874e-08, -7.71860083169e-09, -2.17720365898e-09, -2.23491503969e-11, 1.83035804593e-09, -6.63940865358e-09, -5.12308873621e-09, -1.87706454942e-08, 1.80260853103e-08, 6.90887077588e-09, -1.43176160143e-08, -7.84379672413e-10, -2.77500443628e-10, -1.37420446198e-08, -8.08429903142e-10, 1.06505202245e-08, -1.20450644785e-08],
])

